,sales_ymd,amount,lag_ymd,lag_amount,diff_amount
0,20170101,33723,,,
1,20170102,24165,20170101.0,33723.0,-9558.0
2,20170103,27503,20170102.0,24165.0,3338.0
3,20170104,36165,20170103.0,27503.0,8662.0
4,20170105,37830,20170104.0,36165.0,1665.0
5,20170106,32387,20170105.0,37830.0,-5443.0
6,20170107,23415,20170106.0,32387.0,-8972.0
7,20170108,24737,20170107.0,23415.0,1322.0
8,20170109,26718,20170108.0,24737.0,1981.0
9,20170110,20143,20170109.0,26718.0,-6575.0
